3.044575135016912900e-03
2.474811378406313166e-03
2.536561949899657741e-03
2.605202572398024417e-03
2.672691614298704395e-03
2.740149294457360721e-03
2.795159224430679521e-03
2.836616020178457567e-03
2.855519952061048427e-03
2.851282625864549978e-03
3.319384440713544528e-03
3.318743438859028845e-03
3.319525918311275366e-03
3.322673698461607941e-03
3.333562652127636163e-03
3.346235809136409271e-03
3.361726427425284613e-03
3.380387067266381156e-03
3.393645382147814950e-03
4.465046487539810031e-03
4.690183710446933600e-03
4.987353466484666792e-03
5.247587955921194369e-03
5.583857370273235914e-03
5.885343571169591136e-03
6.283740614084685344e-03
6.607778404970203988e-03
6.620221086338631475e-03
4.503398840555000206e-03
4.832507396763366728e-03
5.223582331538834632e-03
5.644130491262093312e-03
6.042522518346907755e-03
6.372282488041446612e-03
6.721755051926358443e-03
6.991760664679189802e-03
6.908223835947516732e-03
4.053431831301452723e-03
4.167715326292760827e-03
4.347603134568491998e-03
4.430404594828404180e-03
4.565629850987336022e-03
4.641159066499285848e-03
4.655857886830039316e-03
4.466062592376421163e-03
3.997148067267571568e-03
4.940830552074487042e-03
5.175569331083909076e-03
5.514560636605698660e-03
5.895440091445032157e-03
6.311902728116376531e-03
6.726675770590416666e-03
7.171253162514110505e-03
7.597283403565719719e-03
7.764368643251401587e-03
4.590023752995132759e-03
4.782733654937268430e-03
5.060691400663927357e-03
5.344842010202265938e-03
5.660269270226836458e-03
5.965861390529095427e-03
6.280409209343029708e-03
6.537509064998510422e-03
6.546309409359738971e-03
4.390907474565747259e-03
4.664443500492288126e-03
4.977921752895217260e-03
5.361036702726074826e-03
5.807977700346221746e-03
6.287845530918140420e-03
6.757270252133815679e-03
7.141940261969056958e-03
7.351170725094452116e-03
6.924984514975689176e-03
7.202348266436599256e-03
7.479672878253780174e-03
7.836735304956111633e-03
8.297326970588981415e-03
8.897336089348562016e-03
9.610753060190107763e-03
1.037721189977398872e-02
1.106760663434958221e-02
8.437698475467001261e-03
8.747129884241131026e-03
9.098539890314142828e-03
9.554462587092879197e-03
1.012466095057912296e-02
1.088757426360466990e-02
1.169182098158721983e-02
1.350973670562354012e-02
1.516370915528973511e-02
-1.279423582327388932e-02
-1.399118824848879020e-02
-1.435754605953660709e-02
-1.316482499056381879e-02
-1.255465483909073109e-02
-1.219198918857134807e-02
-1.331113474149834414e-02
-1.355974521615921878e-02
-1.252634384034982326e-02
2.037440074696902914e-03
1.837233405741130546e-03
1.626270514966938422e-03
1.425182294608709488e-03
1.246178901738096648e-03
1.109791205484645738e-03
1.026233652725543196e-03
1.029124553430193134e-03
1.094102807555971321e-03
3.805619516663898833e-03
4.041273210802889641e-03
4.215067127820017016e-03
4.473848600377470716e-03
4.768260922579601983e-03
5.081902122195517714e-03
5.396910395645333758e-03
5.717644970051879126e-03
5.831748288011930591e-03
3.404736871006495014e-03
3.425937508423365901e-03
3.458770264363161470e-03
3.494685559847495165e-03
3.538013413734690180e-03
3.571422694746812475e-03
3.606762197416453746e-03
3.642145435601739853e-03
3.651278282702591360e-03
2.983859519856446249e-03
3.274775234443788770e-03
3.481114966029378449e-03
3.766213748467774330e-03
3.970023765141059494e-03
4.232232145694688787e-03
4.432792077750894767e-03
4.731844398504008245e-03
4.835993052366815981e-03
2.874682471753473890e-03
3.139975842776907434e-03
3.400970538146664071e-03
3.626963153302515622e-03
3.925863144898076099e-03
4.117986280361353620e-03
4.327956737524594338e-03
4.514822300153382116e-03
4.641752649843670052e-03
1.485237938186089075e-03
1.633528953721958589e-03
1.755717982586941237e-03
1.863992040459809194e-03
1.986103399471039928e-03
2.090083037579324159e-03
2.176312569287288442e-03
2.270211573523098214e-03
2.352553089186039045e-03
1.230153889677047200e-03
1.315600129716859319e-03
1.362614201635329149e-03
1.472020116179373079e-03
1.581499768949014371e-03
1.694821307602305607e-03
1.759841378229149876e-03
1.889285442872091526e-03
2.059009251426948371e-03
